
0.476556659 0.08991587 0.000130472763 0.01871999 0.11544127 0.000752536464 0.000126522224 0.298356682 
0.5135484 0.353767425 0.00115137582 0.032142166 0.03605108 0.00894247 0.004487025 0.0499101169 
0.2448894 0.719391167 3.331885e-06 0.00260418514 0.000264342845 0.000640335 0.0009873236 0.0312199425 
0.22689037 0.5579073 7.061741e-05 0.0277073048 0.0006815596 0.0121519053 0.0172516182 0.15733932 
0.04977429 0.7106855 0.000347696972 0.1787922 0.005921532 0.0109730493 0.0302411821 0.0132645573 
0.170720965 0.52366513 0.000177976763 0.0129372114 0.00118959753 0.08842219 0.196331531 0.006555428 
0.116733052 0.6339652 0.000252288533 0.0159070268 0.00176520366 0.029517075 0.197043687 0.004816444 
0.5742671 0.190672711 0.000349166134 0.0006683074 3.447349e-05 0.219072744 0.0113100111 0.00362552679 
0.00366079086 2.16458761e-06 0.995184958 3.1542595e-06 9.534054e-08 0.000248074415 3.02718973e-07 0.0009004651 
0.00112508808 2.5408724e-06 0.997481763 3.1211207e-06 2.8784703e-07 0.00135450077 3.99501323e-06 2.86760114e-05 
0.846036732 0.004742854 0.04420984 0.0005427458 0.0003630088 0.07398165 0.000438648771 0.02968451 
0.963555038 0.0166870449 0.000302335422 0.000144789286 0.000112593734 0.0118167838 0.00019639224 0.007185035 
0.9781184 0.0101859253 0.0004214864 8.44148963e-05 6.561273e-05 0.00452322839 7.22958e-05 0.006528623 
0.957104564 0.0036849482 0.000153327768 3.88005465e-05 3.54351978e-05 0.0354951844 0.000144964724 0.00334280427 
0.272425443 0.7239248 3.72882869e-06 0.000105911931 2.074085e-05 0.00141802151 0.00110684882 0.0009944804 
0.182587743 0.7667126 2.50506855e-05 0.00082331 0.000240072623 0.020395793 0.026258342 0.00295707653 
0.232031748 0.752737045 6.511296e-05 0.0006047301 0.00015436692 0.002862582 0.00396826444 0.00757615548 
0.257040948 0.000228953257 0.00230199588 3.6345813e-05 1.113097e-05 0.7268467 0.0005371596 0.0129967974 
8.51140358e-05 1.47714161e-07 5.57916565e-06 2.03533759e-07 1.67599215e-08 0.999907 1.84376211e-06 7.64824e-08 
0.2052051 0.661767364 0.00604580762 0.00338236941 0.00091018487 8.08868e-05 0.000132531117 0.122475728 
0.417328775 0.3805548 0.003821346 0.00489764055 0.00267238682 0.000117405616 7.59328541e-05 0.190531716 
0.3783945 0.6148801 9.575279e-06 0.000526699936 0.000113362832 0.000419306336 0.000104893683 0.005551573 
0.00741884438 0.4691236 7.735864e-06 0.499647677 0.00482323626 1.00752186e-05 4.907126e-05 0.0189197678 
0.00177387951 0.686312556 2.108592e-07 0.3070551 0.00123947812 4.5789543e-06 8.35213141e-05 0.00353066181 
0.0160014853 0.6616244 2.41275684e-05 0.306622922 0.00296513061 6.597196e-05 0.0002231794 0.0124728372 
0.003471002 0.602093637 6.03848275e-06 0.390450716 0.0007636176 7.745805e-06 0.000108619068 0.00309862942 
0.166092 0.759572566 0.000101644939 0.00582032464 0.000348513451 0.0296029281 0.036933925 0.00152807974 
0.216644481 0.7748821 8.472151e-05 0.001978092 0.000174317029 0.002640389 0.00204758579 0.00154832518 
0.454166353 0.5318672 6.846565e-05 0.0007276036 0.0003310923 0.00612288667 0.003929466 0.00278690574 
0.000311605778 0.0142141087 0.9854571 1.68744225e-06 1.47161046e-07 2.68967256e-06 3.89523336e-07 1.22335987e-05 
0.000326533918 0.0559741631 0.943679 8.54835e-06 3.23820558e-07 2.16492617e-06 1.05264439e-06 8.2264205e-06 
5.518042e-05 0.0154416328 0.9845008 6.84444956e-07 8.568299e-09 2.875514e-07 8.341419e-08 1.30588808e-06 
0.952785 0.03654987 2.69582652e-05 1.11086893e-05 1.50806236e-05 0.009546905 0.00049562304 0.00056944 
0.9747181 0.0238671266 3.674296e-05 7.82858e-06 6.4222213e-06 0.000867314637 5.608502e-05 0.0004403703 
0.942994654 0.0421091281 0.000157148155 4.80075323e-05 6.188699e-05 0.0119767124 0.00106102275 0.00159142329 
0.06682171 0.92748034 9.468597e-05 0.00194353145 7.38508752e-05 0.000134868576 0.000311618438 0.00313941063 
0.05289458 0.9415339 3.92060974e-05 0.00164695655 5.40128021e-05 0.00012830933 0.000336995552 0.00336598745 
0.0385896936 0.9580932 4.78722977e-05 0.000656173041 5.40919573e-05 6.72958049e-05 0.00012728649 0.00236434047 
0.1086936 0.006024834 0.000427231 0.004178091 0.000570500037 0.8745449 0.004569207 0.0009916382 
0.000141135213 4.07028324e-07 1.12960124e-05 4.52320137e-06 5.447368e-07 0.9998351 6.8383747e-06 1.659814e-07 
0.005902653 0.000137624418 5.04135351e-05 0.0003546523 1.807179e-05 0.9933062 0.000209717735 2.06702662e-05 
0.8354176 0.148094863 3.874618e-05 0.0006042915 0.00440117 0.00042420582 8.320669e-05 0.0109358951 
0.839010954 0.14748086 2.33143819e-05 0.0005796777 0.00400302326 0.000355892844 6.551164e-05 0.008480771 
0.7745586 0.179904789 0.000202387469 0.0014198845 0.009416507 0.000585447764 0.000145233047 0.03376715 
0.995453358 0.00336817722 2.60353736e-05 4.50160769e-05 0.000156105612 0.0004930632 4.87822354e-06 0.000453351677 
0.9985321 0.00121023331 5.43908936e-06 3.78842242e-06 2.16970348e-05 8.68670541e-05 6.259192e-07 0.000139225216 
0.9973241 0.00233270717 5.379418e-06 5.74327123e-06 5.94195044e-05 3.76047246e-05 9.302653e-07 0.000234088919 
0.9962393 0.000837598869 7.093869e-05 3.10919459e-05 0.0001790334 0.00230036653 8.311385e-06 0.0003333696 
0.992093444 0.00223103 0.0002512239 0.000144731792 0.0006510475 0.003744491 4.05873761e-05 0.0008434185 
0.945968032 0.0210505 0.0005523766 0.000728660263 0.00168263924 0.026120184 0.00135243963 0.00254514744 
0.411924124 0.000292726065 0.5855862 4.62619573e-05 1.0425566e-05 0.000437210023 3.36676044e-06 0.0016996878 
0.009936388 3.1565246e-06 0.989539444 8.329749e-06 1.0901523e-06 7.537731e-05 3.36840458e-07 0.000435858063 
0.9997364 0.000158377574 4.552061e-05 6.655314e-08 6.68801761e-08 2.91861925e-05 5.11239229e-08 3.02786466e-05 
0.9990856 0.000214023661 0.0003048226 5.766695e-07 3.699713e-07 0.000307085633 3.51280022e-07 8.71441152e-05 
0.999716461 0.000113085167 1.82469648e-05 1.04100522e-07 1.99101251e-07 0.000125002567 2.21253472e-07 2.670708e-05 
0.6314637 0.366482973 1.87770456e-05 2.27046312e-05 2.83854733e-05 0.000824198651 0.000480906718 0.0006783748 
0.5599164 0.4374186 1.19933184e-05 3.126146e-05 2.75231287e-05 0.000851758 0.0010113758 0.000731096 
0.221422255 0.000105417261 0.7764033 4.371881e-05 6.29546957e-06 0.000773521257 1.6743237e-06 0.00124382647 
0.9120061 0.00830105 0.000149752144 0.00010484978 8.32315854e-05 0.07848061 0.000410876732 0.0004635711 
0.7994043 0.00653481 0.000470541738 0.000188228631 4.48724168e-05 0.192237258 0.000452082517 0.0006678798 
0.854530334 0.00144517259 0.0001778755 1.87996466e-05 1.42885747e-05 0.143515065 0.000111834517 0.000186633915 
0.425197423 0.0169873331 0.5073082 0.00757020665 0.0125092715 0.0207990278 0.004731991 0.004896553 
0.9494005 0.0279529318 0.00364050153 0.002012185 0.007130265 0.00326026347 0.0009874994 0.00561587233 
0.09697879 0.738342047 0.08191284 0.000815327337 3.03064626e-05 0.03697707 0.04402512 0.00091851037 
0.283732176 0.0460576378 0.652927041 0.00199364149 0.0005300195 0.005212396 0.0005544147 0.008992687 
0.00382779865 0.290663123 0.0006744968 0.0010414978 9.334871e-05 0.07339469 0.630157351 0.00014769721 
0.000378674333 0.0487255678 0.00110603822 0.00204448355 0.0003929727 0.105726786 0.8415279 9.758161e-05 
0.001555573 0.96021384 0.0372468 3.31484648e-06 4.39301182e-08 0.000138801624 0.0008384999 3.13362443e-06 
9.70365038e-11 2.3540718e-12 0.9999934 7.34571737e-10 9.480963e-11 6.603613e-06 8.363674e-09 1.37530915e-12 
4.3134e-08 5.18822263e-10 0.9999843 6.78846146e-10 8.717617e-11 1.56106853e-05 9.317921e-10 5.481695e-10 
0.995947659 0.000148871739 0.00359290722 8.761663e-07 3.34379547e-06 8.837282e-05 8.42531847e-07 0.0002171465 
0.9871084 9.37950463e-05 0.01247785 4.32790955e-07 9.135259e-07 7.92639039e-05 3.13100543e-07 0.000239021625 
0.994042039 3.37547754e-05 0.00575618539 2.06012984e-07 7.23419532e-07 5.19298956e-05 1.528805e-07 0.000114993287 
0.641697943 0.09279274 0.232631773 0.000878265069 3.549918e-05 0.000134507878 1.2110836e-05 0.03181718 
0.3606314 0.618816435 0.01718387 0.0005050408 8.487358e-06 0.000118164855 6.52950548e-05 0.00267131161 
0.124442719 0.868841767 0.00188658654 0.00257177651 3.89894121e-05 8.38240958e-05 0.000215400185 0.00191890739 
4.34881464e-10 7.741156e-12 6.85625423e-09 4.690187e-10 2.24736652e-09 0.999949157 5.08183e-05 1.21693532e-11 
1.987222e-09 1.70626863e-11 2.66878111e-08 1.35610878e-09 6.477437e-09 0.9999784 2.15146756e-05 1.00911654e-10 
0.950778842 0.03784847 0.0005705864 0.000387672684 0.00220546662 0.0004800111 7.858567e-05 0.00765038142 
0.994763732 0.00348571688 9.92797941e-05 1.6355636e-05 0.000578651438 0.000195643559 1.44159694e-05 0.0008462331 
0.9694991 0.0244103987 8.38135747e-05 0.000132077 0.002820405 0.000334402052 5.16261971e-05 0.00266815233 
0.4836867 0.504739642 6.453551e-05 0.00120055617 0.0008578548 0.0006674764 0.000202137628 0.008581089 
0.5137961 0.407442778 0.000194422886 0.006875515 0.00889745 0.000305858761 0.000415040617 0.06207285 
0.7759009 0.188483685 0.000142033823 0.00303761964 0.005248731 0.000341470935 0.0002606847 0.0265848842 
0.858221054 0.02840015 0.000269654 0.0002566454 0.000715551549 0.102924816 0.007653279 0.00155884889 
0.83037895 0.109784573 0.000233830229 0.00059301703 0.0008239762 0.0477226153 0.00647325441 0.00398975657 
0.9699881 0.007866883 0.00133059872 5.79019033e-05 0.000159525342 0.0161898024 0.0006646547 0.003742534 
5.101737e-08 7.473326e-09 0.9999998 2.6844809e-08 3.15364423e-09 6.176824e-08 5.49664446e-11 6.07057848e-10 
1.38043561e-07 7.715203e-09 0.9999997 1.36293281e-07 2.47203946e-09 1.9551349e-08 1.73503416e-11 2.15947757e-08 
2.95105984e-08 2.86554958e-09 0.9999999 4.89227574e-08 1.49582025e-09 3.34694974e-08 1.77458135e-11 4.40265335e-09 
0.9995289 2.3408511e-05 0.000298264174 8.652563e-08 7.102762e-07 3.31308256e-05 2.18234266e-08 0.000115496427 
0.998087168 5.07927e-05 0.00122690783 6.094501e-07 3.271275e-06 5.62237874e-05 7.20753e-08 0.0005749458 
0.9994118 6.830231e-05 0.0002588171 4.17269263e-07 1.928705e-06 6.567692e-05 1.51878538e-07 0.0001928913 
0.322503775 0.6599418 4.49179279e-05 0.00128386426 0.000362639927 0.00144537457 0.0008847776 0.0135329012 
0.5900768 0.402080953 9.1463764e-05 0.000319508545 0.000117797827 0.0007871255 0.000136618415 0.006389714 
0.597365856 0.392650038 2.353752e-05 0.0004216734 0.000170690531 0.00177626987 0.000460906653 0.00713104475 
2.30867554e-05 1.04297246e-08 0.9959636 6.2925244e-07 3.00508759e-07 0.004005552 6.482004e-06 3.87749566e-07 
0.166856647 5.242504e-05 0.450556785 4.65401e-05 5.85312264e-05 0.380433649 0.000191369312 0.00180405227 
0.471079051 0.00403882051 0.0005115863 0.0005504182 0.00118050759 0.513535 0.005625665 0.00347894919 
0.993076265 0.00224346947 0.002924312 9.516721e-06 2.50240573e-05 8.402615e-05 3.916628e-06 0.001633459 
0.991158545 0.00750123942 0.000248278666 1.3876519e-05 0.000147486251 0.000112488546 1.40153152e-05 0.0008040931 
0.989212334 0.009037848 0.000268818316 2.85281876e-05 0.00014010552 0.000331567921 3.34329561e-05 0.000947389053 
0.9799519 0.005785825 0.005157762 8.792537e-05 3.74723058e-05 0.00590355368 5.19109562e-05 0.00302364863 
0.9767567 0.004497794 0.00848379 5.59475047e-05 4.006564e-05 0.00727949152 4.79985029e-05 0.0028381953 
0.405862838 0.43193534 0.00013637793 0.0006780611 0.0001444634 0.0757686 0.08462373 0.0008505627 
0.4455968 0.33410123 0.000247880846 0.000901334162 0.000143857818 0.09842306 0.11968305 0.0009027613 
0.6693538 0.0883188546 0.000171622916 0.0002083652 4.070916e-05 0.20489952 0.036783576 0.000223571376 
0.594005 0.000420542463 0.396487 2.278925e-05 3.92398942e-06 0.0005696574 7.185246e-07 0.008490393 
0.5899027 0.001774406 0.367493361 0.000173008229 5.22153932e-05 0.00154237763 9.191934e-06 0.03905276 
0.759454131 0.0004037523 0.2336756 1.954161e-05 5.278487e-06 0.00224749534 2.81848656e-06 0.00419137673 
0.994687259 0.0006830803 0.0015107065 8.69881e-06 2.01849025e-06 0.00255422946 1.74570187e-06 0.0005522381 
0.967908859 0.00124187814 0.0173596814 4.22762132e-05 1.20728737e-05 0.0114246085 1.54477439e-05 0.00199519936 
0.995121062 0.0006304972 0.00232225959 7.959331e-06 2.44330317e-06 0.00107366825 2.12908e-06 0.000839998946 
0.8257134 0.160123289 0.000288103038 3.952762e-05 3.398282e-06 0.0118742706 0.0009974828 0.0009605587 
0.67098105 0.3225518 5.302882e-05 1.19899951e-05 4.995969e-07 0.00521569746 0.0008370262 0.0003489371 
0.615571558 0.334346771 0.000172418673 6.92876347e-05 1.46326684e-05 0.03405322 0.0152434921 0.0005285968 
0.06512495 0.00157800224 0.00147904351 0.000560179353 2.47462012e-05 0.929142356 0.00167308853 0.000417658681 
0.114270814 0.00451023225 0.00061718357 0.0007324764 4.12867776e-05 0.8740112 0.00553535623 0.000281432323 
0.08065323 0.00121641229 0.0020022837 0.00126867171 6.25751563e-05 0.9133923 0.0008939817 0.000510517333 
0.8579376 0.12846446 0.00019360063 0.0008653325 0.00137725263 0.005329352 0.00176548865 0.00406696228 
0.8045259 0.161820352 0.0006450847 0.002526741 0.00318868249 0.0180241074 0.00391329546 0.00535582844 
0.9067031 0.054150518 0.00291864085 0.00234464579 0.00320152217 0.0106586395 0.00142948434 0.01859343 
0.171389118 0.6487463 0.0298027676 0.08133529 0.0308166519 0.003012224 0.011529264 0.0233683567 
0.16577585 0.723496556 0.0100515867 0.0481571034 0.01918144 0.005439444 0.0120603628 0.015837634 
0.08718377 0.8674732 0.008510647 0.0166770443 0.004448147 0.00403648 0.008347016 0.00332369516 
0.0529441759 0.870697439 0.0213339087 0.0145051545 0.00154569733 0.0101595242 0.0278506 0.0009635108 
0.0540739223 0.8953766 0.02439591 0.00694941264 0.00135970733 0.0041110306 0.0129371723 0.0007962478 
0.0229487121 0.933604 0.0153577905 0.009470715 0.00092762796 0.00269631064 0.014309125 0.0006857063 
0.295428663 0.00151842344 0.701436639 1.53243418e-05 3.234128e-06 0.000451821339 3.21995276e-06 0.00114264316 
0.00015374097 9.4786725e-07 0.9998394 2.16525692e-07 1.80503634e-09 4.395485e-06 2.022e-09 1.273176e-06 
0.0105251335 8.736841e-05 0.9893457 9.9994e-07 3.784499e-08 9.355522e-06 1.948331e-08 3.13824276e-05 
0.977174163 0.0111227138 0.00329771265 0.000128922416 5.874263e-05 0.00601174962 9.396557e-05 0.00211202586 
0.9838598 0.004611939 0.00255434471 5.70492666e-05 3.51170129e-05 0.007443786 5.122239e-05 0.0013867747 
0.9846135 0.00553509733 0.00304953265 6.062921e-05 2.94867241e-05 0.004925187 4.10185348e-05 0.00174559676 
0.879887044 0.105933249 0.0027693396 0.00031556937 5.27525262e-05 0.00747788 0.000859093445 0.0027050667 
0.602077365 0.387916 0.0009435244 0.00117784541 0.00016312243 0.002973183 0.00110587047 0.003643077 
0.496194541 0.491579622 0.000334368146 0.000665790343 0.000169881547 0.00535726268 0.00339196553 0.00230656378 
0.1307064 0.0847447738 0.000668183551 0.00703767547 0.0007098079 0.5974846 0.17679736 0.001851206 
0.209455937 0.02515338 0.002341247 0.004927745 0.000576360442 0.722828031 0.0326203145 0.0020969857 
0.304774135 0.062621586 0.00684079761 0.00648270641 0.000842807756 0.5609938 0.05349672 0.00394744752 
0.909228861 0.08304975 5.3255415e-05 8.913043e-05 0.000710102031 7.192907e-05 3.60593076e-05 0.006760895 
0.94863 0.047097493 8.39943e-06 3.964208e-05 0.000316776772 3.64050356e-05 8.826703e-06 0.00386251137 
0.6094328 0.379579037 5.95044776e-06 8.07065444e-05 0.00140933564 2.711945e-05 1.14252025e-05 0.009453593 
0.8162984 0.176096871 0.000391930458 0.000506402052 0.000274676684 0.002726604 0.00139654451 0.00230854144 
0.453812778 0.544607043 1.39059975e-05 9.993373e-05 2.37805689e-05 0.000205094111 0.0004153055 0.0008221693 
0.423474342 0.5684808 0.000118978525 0.00139696954 1.96852725e-05 0.0008565849 0.0006056362 0.00504700467 
0.854482 0.141695648 7.087681e-05 1.71501288e-05 1.86647831e-05 0.001905062 0.000551418052 0.00125917152 
0.878689349 0.115364313 5.33941457e-05 2.23826864e-05 1.79914787e-05 0.00393162342 0.0007336093 0.00118733407 
0.680360258 0.2796678 0.000303442619 0.000190087041 4.940958e-05 0.0297177639 0.008646704 0.00106451823 
0.966011763 0.00364177185 0.0273601916 1.17157651e-05 2.14396914e-06 7.267997e-05 1.31497643e-06 0.00289844954 
0.931436837 0.006835476 0.05834931 9.812441e-06 1.08376821e-06 5.229393e-05 9.957648e-07 0.003314189 
0.615361631 0.08006147 0.2874087 0.0003578437 3.81449536e-05 0.000397444674 4.868997e-05 0.0163260382 
0.936830342 0.06200293 1.65429756e-05 5.01159138e-06 2.86241675e-06 0.0004290793 4.8353384e-05 0.000664863852 
0.9037206 0.09568903 1.15467683e-05 3.73408625e-06 7.03963849e-07 0.000106923908 1.575516e-05 0.0004516793 
0.9013191 0.0975792855 1.63636287e-05 7.789438e-06 1.7853605e-06 0.000318221835 5.386653e-05 0.000703621132 
0.3766449 0.6131078 1.573381e-05 8.156948e-05 0.000161987773 5.21193979e-05 6.317475e-05 0.009872685 
0.225138217 0.766251 2.50302924e-06 5.43418573e-05 0.000201841729 8.079754e-06 1.517962e-05 0.008328808 
0.562493 0.431303054 1.10812889e-05 5.84069057e-05 6.274913e-05 3.289505e-05 3.82364451e-05 0.00600053463 
0.8654119 0.109028921 7.196677e-05 5.25235264e-05 8.77065e-06 0.0235634223 0.0009649989 0.000897543039 
0.820785642 0.04414371 9.74469949e-05 5.28688579e-05 1.41607979e-05 0.132175446 0.002210695 0.000520044763 
0.548246145 0.411009938 0.000291028467 0.00159928028 0.01763967 0.00358230155 0.002334169 0.0152974864 
0.6841686 0.280082047 5.07347359e-05 0.00102226785 0.0267605186 0.00142059464 0.0003442268 0.00615101075 
2.826663e-06 0.9997608 5.12047045e-08 0.0002302749 7.103272e-07 6.322937e-08 5.029872e-06 2.23470877e-07 
0.00436157454 0.9916599 5.39268376e-06 0.002909117 0.00055381225 5.67887873e-05 0.000254768558 0.000198691545 
0.01733924 0.967548549 3.21830521e-05 0.00250625378 0.00017506977 0.000966619235 0.010835791 0.0005962943 
0.01013397 0.6138099 1.27013254e-05 0.00371756987 4.9891536e-05 0.0256679952 0.345904827 0.000703153142 
0.01993495 0.243149638 0.0006230073 0.00674772449 0.000351000519 0.188872755 0.538260341 0.00206055166 
0.14736177 0.575141132 0.0003308957 0.00202985271 0.000110184868 0.111204594 0.162861571 0.000959990139 
0.0125485491 0.08216385 5.4952503e-05 0.002533145 6.590642e-05 0.307444185 0.59432286 0.00086659 
0.08580385 0.00314985774 0.9105155 8.63843252e-06 7.117225e-07 1.50319238e-05 3.349963e-07 0.0005060747 
5.056448e-12 8.169753e-12 1.0 3.148423e-12 9.548558e-14 3.3807443e-11 2.3184448e-15 1.59326152e-13 
1.50012835e-10 2.63088822e-11 1.0 9.918301e-12 1.68454172e-12 7.36655958e-10 2.58889237e-13 1.76716335e-12 
0.974761665 0.0187893081 0.000713470159 2.10392627e-05 9.117201e-06 0.000124549231 3.650167e-06 0.00557719776 
0.9771869 0.0202163886 0.000201998715 1.09062194e-05 5.42389625e-06 0.000164498735 4.06814161e-06 0.00220981054 
0.970827758 0.02717827 8.826615e-05 1.02610411e-05 2.95203063e-06 0.00016970931 4.22638732e-06 0.00171855022 
0.403844833 0.593314052 6.14344463e-05 0.000102719408 4.465186e-05 0.00012150305 0.000133621754 0.00237717829 
0.5589183 0.3798696 0.0477344431 0.0009630647 0.000177248512 0.000380849524 0.000212374318 0.0117441276 
0.506082654 0.475666016 0.00379079231 0.000964155537 0.000631556555 4.87383222e-05 3.08030831e-05 0.0127852652 
0.0003812303 9.19584053e-08 7.722506e-05 4.517761e-07 7.202495e-08 0.9995401 6.82317e-07 1.77605756e-07 
0.1886649 0.0005940857 0.45718497 0.0002306916 8.424915e-05 0.34607324 0.001175432 0.005992448 
1.24623384e-05 3.13504556e-09 1.40481234e-05 7.42769757e-08 8.566198e-09 0.9999729 4.865467e-07 1.78271531e-08 