
22.985385759 28.6168413895 16.8872221903 14.5720070762 23.9649192771 32.5265458781 16.418132685 20.1708487273 32.9199247804 13.8917037616 18.8688301625 35.6538883833 13.9942851883 19.7073428296 
21.7784444636 28.6335200809 17.5197018627 15.6486365709 27.9627021642 31.4151675942 15.1466435837 20.3753056897 32.8207615833 13.2870794619 17.8616435971 34.083234937 13.6612023579 19.1509695133 
21.3693117426 28.2842712475 17.3012291284 15.6975113053 24.7030656978 29.5533034738 13.6399862187 19.5559330152 30.8000701504 13.193156755 17.4913582341 30.9306717404 14.5564210592 20.3180352402 
20.635812176 28.8795390853 17.4146386097 15.1803474992 25.7201589167 30.2533579903 13.7512740839 20.1625451809 31.1960128861 13.7512740965 17.8432242447 31.6402373232 13.5668911284 18.8888276425 
21.1590322147 28.584973228 17.975193936 16.247362708 27.2529835122 30.3473597249 14.2532993165 21.1590322147 31.7618280274 13.7863444167 18.0864602485 32.6567948773 14.6045626546 19.8882585858 
20.8513636025 27.9911940518 16.4208973838 15.5339476929 26.190150529 30.4342472698 14.2036033688 18.6384141745 31.0425441863 13.867043733 19.0974030104 31.5019925337 14.4440683872 19.8106707618 
19.1991733017 28.2858057258 17.3717710702 15.5445034432 27.1016890485 30.8935825591 14.1668034244 19.6719713664 32.3143315134 14.1741723734 18.3936399566 30.649253378 14.2329866193 19.3939838821 
18.5443660804 26.2235316293 16.0114542318 14.7534101714 26.9699513865 29.2165822681 13.48991193 18.1182245255 28.9050112725 13.9301971411 18.0937106129 30.7617321388 13.5882600992 18.5826216467 
21.8335233776 28.2858057258 17.3050413577 13.1960637959 25.9376360676 32.9979947003 14.097758104 19.1001884024 32.5563190248 11.2502991788 17.8289305984 31.8336473315 11.5137653807 17.4715541843 
21.1185341693 27.4019717458 16.3866625822 12.9261331873 23.6886708107 32.6429230789 13.7869488076 19.3832211801 31.971339723 10.2360041863 16.2103038637 31.4390804348 10.1358719031 15.8458508158 
20.5324770907 28.3593630433 18.2693799686 14.6257513041 24.2454837226 33.4962792653 13.6925401136 20.5274092519 33.6759517086 12.3501893006 17.0803054776 32.3909023707 12.8457131775 17.5252735515 
21.9329388236 28.578899073 17.8263699883 14.629097102 21.024032484 33.15543862 14.1650229902 20.1103857084 32.7116555695 12.6382315352 18.2774490196 31.9855357844 11.9591654894 18.2774490196 
21.5392873082 28.8735268984 17.5064230074 14.422490204 21.095325394 33.9529752904 14.8082600244 20.1980671822 33.5622696944 12.2480860328 17.4257212533 33.2094331226 12.763340418 18.5018243067 
22.0637445457 28.2842712475 16.6664622953 14.8865212446 22.5185274014 33.0642048017 13.058134527 19.8174582043 32.6724971179 13.694746796 18.3734308622 32.4233228642 13.4331586484 18.6418302641 
21.532020169 28.584973228 17.5005165142 14.3826881548 21.536690736 32.2387859478 15.2518476197 20.1912509863 31.5479084302 13.2008669518 17.9433492668 32.746614007 12.6878635906 17.9433492283 
21.3398197606 28.5804177327 16.8903589323 16.0260672646 21.7796735084 31.4830888392 13.3418998895 19.5572578443 32.0336375222 13.8932089324 18.6153016743 31.5708203844 13.5985690034 18.7580307653 
20.78900215 28.8795390853 17.1754110144 15.0805024595 22.7040799602 31.7760764825 14.9171708597 20.3523348782 32.3932688569 12.651186201 16.9841687822 32.0829752177 13.1574322507 19.2119934081 
21.8600839853 28.0035959992 16.9444785876 16.2011445841 25.5054873666 31.9577244479 13.8183433518 20.063837861 30.7019972587 14.8175167896 18.3572326599 29.4196987491 13.7317976509 19.9197241584 
0.0 27.1121641417 16.9094950204 97.3800503146 97.3800503146 29.3617773734 13.4364643993 19.5478405153 29.0918078397 103.200089094 97.3800503146 29.0433348803 93.4248903581 97.3800503146 
19.4591788983 26.8176066751 16.5034220151 13.9854601981 23.2702550044 27.6912202098 13.1206156949 15.6576638186 28.2795085214 11.5463526323 16.6706451772 31.7297421623 11.912509892 16.6706451788 
21.0233843045 27.4067231208 17.0723007659 14.0102751779 22.7597961235 27.6767267873 14.8786539848 16.6808255245 28.5385840749 11.5862725778 17.5042989506 32.3859094627 11.0793363587 16.8123301299 
21.392454325 27.4067231208 17.4686844268 14.4335982912 22.7021964115 28.9890900013 13.9705824163 16.5958100971 28.3340538155 13.1627452075 18.4245331764 33.183005356 12.928981969 18.1693117663 
19.434009806 25.6596987295 17.3267688463 12.2809776396 24.084978704 28.9019744373 12.2518757472 17.4499464912 26.4682005489 10.5957062316 17.0934185037 30.4213838679 11.057319837 15.5859632782 
19.3427385133 25.3448438762 17.6765970552 12.6188550262 23.5458739521 28.589951335 13.0322446908 16.4169500665 27.4064013439 9.70557253608 15.8918208559 31.5296242518 10.9625607156 16.2274650175 
20.1538157729 25.3653854254 17.6507413034 13.4918646613 24.405076056 29.3065421325 13.013182285 17.6756821396 26.6684266835 11.8211140925 17.8985873875 30.646820452 10.5697920783 16.0672158759 
19.2955837112 24.7645159452 16.7957605293 13.0072362371 23.5445609529 29.2779223325 13.0072362373 17.6584207147 26.6423832132 10.2037155986 16.9676552531 30.6168915926 10.5177492967 15.1206049915 
19.418770378 26.2367691524 16.4691513572 14.408768285 24.0771970042 28.5971612005 11.8276570399 16.8858872832 28.8175365709 12.2713473434 17.0172969488 29.9724499313 12.8391053072 18.4058107839 
20.0403875518 27.1201672602 17.0517897996 14.1257380671 23.4810637189 28.660198652 13.6480910696 16.2216213504 29.3277152611 12.3919123608 17.0357962398 30.2669268942 12.1250695842 17.9094535021 
19.6315556449 27.4146402493 16.2244904381 14.5028536463 23.8805345653 28.7444318288 13.2174744243 18.7651307696 29.2491160966 12.8194974449 17.5589971705 30.284288178 13.0444180665 18.2494390446 
22.5553117833 26.8515724762 16.4781411551 12.5655061222 21.6561268289 29.1970285978 13.8639144736 16.0749099645 28.5212603842 10.1924554665 16.3007979535 31.1906138175 12.7359690166 18.4129406103 
21.1370166506 26.2813965678 16.9273520111 13.1091453761 23.2499115747 28.4971585931 11.8343626885 17.3494933286 28.0517396821 10.0464139224 16.7469864857 30.8654515912 10.2836597045 15.3150777771 
20.0624134412 27.1313676602 17.4510277966 11.9042895662 22.7462494717 29.1724789699 12.6555606677 16.5790358074 29.7727056563 9.63463479041 14.5764555251 30.9689702592 10.1817773786 15.7312775509 
100.762739034 27.4067231208 16.3041286659 15.4519745931 24.4599563585 28.2037028585 13.7297925607 15.4519745931 28.6826434752 101.742583908 94.196697566 31.7501452967 12.28629457 18.4543971026 
20.3074768627 27.1073611364 16.8526094541 14.6935423797 24.1906677957 28.7580679973 11.6633576821 15.5511435829 28.5267879409 13.4538226225 18.4540318054 30.6703109419 13.5643281552 18.3322886503 
20.4138292601 27.1073611364 16.1574421553 14.9364226726 23.8261482128 28.5388462739 14.0314629243 14.8818546788 28.0790272155 13.2903462855 17.9390324567 30.6141009257 13.0084915535 18.5387339878 
20.2752134648 26.8256976714 16.8258349587 14.2391002288 22.4312219593 29.1878453957 13.3699872254 18.5504804546 28.7803218097 12.6258233581 17.9491233463 30.6337302478 12.625823358 17.3483652371 
19.8812109163 26.8256976714 17.2934111515 13.8371590886 22.9717577374 29.9686535279 13.3982073566 17.3096060322 29.4309004204 12.2244687573 17.6356763563 31.1214183322 12.5635784493 17.1415212979 
17.2836174755 26.2235316293 16.4797282906 14.4923183799 23.326642403 29.5422439582 11.2616238834 17.2882906181 28.4217746986 12.4602823661 16.5530914443 30.1485239456 12.486187347 17.1710805167 
20.7687143067 27.163343355 16.4440228249 16.0582700942 26.419741587 29.8986631048 14.707981144 16.4610839757 30.3582872745 13.5835287705 18.6213798249 32.0114883722 13.5835287711 19.2100105835 
20.175436613 27.4257203896 17.1277388334 16.7185233751 30.7799724666 28.8874950187 12.280700547 15.8866390057 30.6547228382 14.6388750885 20.0223001304 31.5819899256 15.3759178868 20.4594782962 
113.108879978 26.8693469507 16.1530097964 15.739105751 29.4087601341 28.1945182209 12.428208363 16.1689214687 29.1864065966 14.9972989079 19.4644558388 29.4000149271 90.5849953915 93.7451935345 
20.4702197037 26.5165042945 16.6320535093 14.0797361229 26.4407004506 30.4256705004 14.0732760463 19.6172938827 30.2067024115 12.9703630626 17.7482366306 31.1317924661 12.9071097636 17.7482366306 
20.1047291997 26.2235316293 15.8271272423 14.5689866121 25.6656105473 30.1533003237 14.1160864593 19.2539602157 30.15330036 13.0869449277 17.8022256022 31.6542544846 12.9463721441 17.5590214052 
20.233705435 26.2235316293 17.2880966387 13.4957218434 25.7171223034 29.8576921816 13.0743986192 19.8121699071 29.8576921815 12.404896122 17.451774578 30.3505581526 12.6741371112 16.9560014283 
20.0480523618 26.5165042945 16.6373202861 15.7847000897 28.5758542168 30.5178152134 12.3672758854 20.0480523618 30.2063396628 14.1761137746 19.1668937696 31.987177112 15.023182459 19.3086976297 
18.9010689798 26.221876469 15.9609026941 14.706830544 27.3047748427 29.607950886 13.0275092235 19.3210927349 29.3896597286 13.9622365728 18.298772481 30.6617341228 13.9179420328 18.0805469039 
20.2147960206 26.8127509053 16.8456633505 15.1610970155 26.9662188238 30.0460245106 13.0553890966 19.3770899383 29.6867478958 13.999394919 18.5732510429 31.1673226198 13.999394919 18.5732510429 
20.920245884 27.1073611364 16.1319115026 15.254345957 28.7785422858 30.5864211915 13.9468305893 19.617572568 29.8986451422 15.9066109734 20.9293238822 31.8162072818 16.2725994407 20.4890434827 
20.7491260443 26.8127509053 16.0967297398 15.2442558693 28.807157296 30.0740050155 13.1269981096 19.9022229404 29.6295075488 15.0370025078 19.974169756 31.3354148424 15.3905853504 19.7530050325 
19.6322626937 26.81113212 15.7911678188 15.3703059719 29.4483940405 29.8629859184 13.6572262217 19.2102158814 29.7223671258 15.9974472585 20.0635908006 31.1584703887 15.8429894751 20.0635908006 
19.6636284776 26.2235316293 16.3166278857 14.2247536272 26.3609519477 30.06775411 13.3880023678 18.413258343 29.4234018572 13.1372447974 17.7550819518 30.5413804014 13.0302186406 17.5218767372 
21.1297849835 26.8127509053 17.2488040682 13.3678231529 26.7356463057 31.1345691456 13.3678231528 20.2673447801 31.1345691456 12.6898925179 17.5109345785 31.9102875262 12.6237797482 17.2488040682 
19.9927443072 25.3534048776 15.5099449096 15.1020747426 26.9320933875 29.323208923 13.4645012681 17.9526683605 28.9000359004 14.0868684657 18.559085694 30.1931240558 13.6181755144 18.3380020295 
20.3047418797 25.3448438762 16.1609170063 15.3377507717 27.76362665 30.1333291984 13.2602395949 18.6518156107 29.5638019395 14.6506333392 19.3299547971 31.0814489777 14.6506333392 19.5463828342 
19.3735884725 25.6393929769 16.0723188863 14.8417093209 26.7998754745 29.9681308813 12.7754329609 18.5449833304 29.5457822651 14.4767646255 18.6591073819 30.4961948099 14.1624660673 18.522074139 
18.2678532714 26.8127509053 16.1393205386 16.1616587137 28.0346688528 29.7181900092 11.4674119617 19.5370722364 29.290215942 13.6506022165 18.4398476175 29.730327308 14.0414426844 19.0177370821 
18.2430113292 25.6478556609 15.8158064038 15.0052867385 26.7594877282 29.1352787729 10.9458067975 19.0581241663 28.4734159646 13.837160484 18.3552771111 28.7862726648 14.2410363546 18.1526988761 
19.826884786 26.2235316293 16.4483732714 13.5026894309 26.1622973732 30.3105285087 13.4961011458 18.9788922363 29.6609735832 12.8271216179 17.7987829001 30.7879807389 12.2961119608 16.7271791156 
19.8563282799 25.9289226112 16.1332667274 15.7250353669 29.3708189419 29.8676855028 11.9965316691 18.6153077801 29.4522754037 16.6757121538 21.0973488128 29.7844924199 16.6294691411 21.0973488133 
19.3287160879 25.933943866 16.4551109516 15.6328828767 29.6128039172 30.4713238142 13.1599769109 18.5062175982 29.6384933488 15.7138129226 20.2516783787 30.4324466064 16.0861037701 20.0544647568 
19.8750517336 25.933943866 16.4974847681 16.9624442028 30.4498242551 30.7507797873 13.5385559017 19.0293048597 30.1072823594 16.1579715055 20.8026227332 30.8697612033 16.5785805521 21.4000702603 
22.5092698794 29.1696427053 18.7635857728 12.2015370136 22.9782149322 29.1688669721 15.013505368 18.2947944152 30.4813045649 10.1230915275 16.940469659 35.6520157815 10.4122279293 16.9404697 
22.2013655882 30.0520382004 18.4284647673 13.3020453495 22.6934085954 28.8300216806 13.234777938 17.0118607238 30.4229416377 9.63448479684 16.046663106 34.4959112858 10.0981061232 16.3701754532 
20.6613705713 28.3394601219 17.518867351 14.3977707893 23.3896430953 28.7429725426 13.0303098737 19.3562647154 30.3568565277 13.0920652428 17.1876899331 28.7710213149 13.1458632133 17.8834081928 
20.7229019013 27.1201672602 16.8428918484 14.3512745124 25.9611271137 27.9157574837 13.8220120244 17.7060761808 29.8173142588 12.5498255006 17.0299796626 31.5279058964 13.2997181978 19.0156072162 
21.7442372277 28.2904086613 17.220147365 15.0585824004 27.1953931773 30.2293838968 12.6841383828 18.5952877606 31.0333189179 12.8847860419 17.3389087023 32.1665409173 13.3309744668 18.9667930082 
20.3079015509 27.1121641417 16.4154392843 13.830275956 25.0588679325 29.4891239702 11.6636015967 19.4441352596 29.6343137273 11.7909025324 16.6748542676 30.6739943457 11.4374161178 16.5963311403 
21.5015205659 27.4778951563 17.5431387992 14.0369762864 25.960771187 30.5339157421 13.591685831 18.4354084377 30.022838487 13.4137299247 18.7661147757 30.6940350544 12.7826558473 17.2781548292 
0.0 28.2858057258 18.2050923321 95.4308601434 25.4918308947 29.6441085784 15.4617050172 17.2792396293 29.3921115842 102.975356594 95.4308601434 32.7409056001 91.2679193858 95.4308601434 
0.0 27.7012835643 17.5655526421 12.190078275 22.512540721 28.9739107486 15.3085271516 17.6116571488 29.8458896122 101.774295143 95.0872682933 32.4211840881 90.6414180616 95.0872682933 
20.4435113498 28.8750300625 17.6573125666 14.8714260155 26.0288814982 29.7609823736 14.3996645549 17.1929723895 29.3778952211 12.5760040766 17.5285372774 33.4476077678 12.6785275452 18.9538657767 
20.9161009345 28.2858057258 17.2983460492 14.5752774606 25.9475174999 29.9132933884 14.5468941339 16.39049047 28.8727552063 11.958406752 17.9145544216 33.6396926846 12.4079035879 17.5474258813 
21.0699510739 27.9911940518 17.4796204154 15.6932418538 26.4473288976 28.8660123061 14.7904480438 16.159916363 28.6038586304 12.3070256025 18.65268525 33.6146546451 11.7303972052 18.0283789457 
20.7862951231 26.8127509053 16.8907506405 13.8545237841 25.1448931698 29.3004549167 13.8612870376 18.2046676432 28.9594036336 11.331487133 16.9737795726 31.6085976809 11.552650131 16.6335444451 
20.8501855486 27.1073611364 16.0919890347 13.9038929973 24.7694586972 28.6759438234 13.8971081609 18.6944285336 28.4514453573 11.925048559 17.9795941212 31.2805544977 12.4360199318 17.1143419043 
20.939331669 27.400387771 17.0151067184 14.3992741398 26.608202405 28.4429764994 13.0842431387 17.0095160803 28.065964165 11.9760341033 18.1510308511 31.8413121008 11.9043445287 17.796494718 
23.0010308599 28.8870525592 17.5948047077 17.1439562174 35.6290478698 25.9903161809 13.5375327428 18.4965240334 25.7978654046 16.9050043742 22.209204172 31.5732636253 17.3503397342 22.8991088584 
22.1817371706 27.9958454259 17.2223866248 16.349870207 35.3139563135 25.5264774514 13.1330349278 18.5784298154 26.254369178 16.0016239533 20.0474230455 30.7897192347 16.5181408857 21.3632167475 
22.5110761787 26.8370209681 17.5781972549 14.85433966 22.1709758396 30.4396750272 13.9540766945 16.6791793649 28.9662334222 12.991578182 19.826236205 34.6630487917 13.1774027989 17.8526944523 
22.7349959171 27.7091165303 17.7355785825 15.9372716837 22.2758412771 29.8245682929 15.9113151971 16.8205332093 29.1269235177 17.8227603898 23.587155082 34.5532751472 18.013075151 23.6265509331 
19.7666289173 27.4019717458 17.946578664 15.6252029916 35.389473189 30.7942704329 14.2539188213 17.4634621671 29.8257195841 17.5599461144 22.8168250017 35.3894726996 17.923026961 21.794227389 
20.9361027881 27.1841073873 17.018170149 15.6945160219 25.7264185435 29.6369705228 12.202139085 17.4534032 27.951819511 14.1145060358 20.314577896 31.8127197574 14.0538272002 18.1625929085 
20.5986510261 26.5230507714 16.6562245349 14.9235325704 24.9756902051 28.073672154 12.7144825161 17.5268001439 29.0450861827 12.8272350844 17.9863315944 31.9984126707 13.7588171993 18.5951420178 
21.561403777 27.1841073873 17.5205967442 15.2759505359 25.5986121102 28.8333802246 14.3711507837 16.6227107389 28.5239398598 14.0374701544 19.4309702742 33.2454217678 14.1019776331 19.0589258996 
21.6137692005 28.8795390853 17.4770567447 15.6387144367 24.8655062241 29.8846192917 14.2526646442 17.0174566747 28.7048504262 14.0660544585 19.7751704337 33.106155692 13.8616941333 18.6189975512 
20.0708644924 27.9911940518 17.3833062547 15.1758858048 23.6199087378 28.697524093 12.929481261 16.9378771594 28.5796692866 14.3210617078 18.7990133575 31.6643621783 13.8774899804 18.2904760002 
20.7241557288 28.2858057258 17.121836344 15.3407083238 25.2395287623 29.6387829427 13.9629798695 17.5894127421 28.2725205868 13.9702427984 18.3845886289 31.9828998937 14.3145303918 19.0085232259 
18.6936307925 27.1121641417 16.9995196724 13.2797000688 25.4239569775 31.1885422428 13.1705126038 18.0250814978 27.5665255966 11.5962914195 17.1475282335 32.291793621 11.0462363774 14.6498072875 
21.0159513748 26.2235316293 15.8749826198 13.7247029873 26.6227234567 28.7392973884 13.7247029387 16.7763968858 26.7777383324 11.2825177032 17.1558787114 31.7383755457 12.0778482864 17.4165970333 
22.4165935942 26.5230507714 16.3783286002 13.3890462223 26.2915275285 29.1465116647 13.792276716 16.4009976021 27.1398585489 11.8350925132 18.1074935341 32.7566572004 11.8586137527 17.7709418029 
21.8984187153 27.4019717458 16.5217839708 15.628714543 25.960530603 29.0247555952 13.8425757593 16.5459033509 27.5008828539 14.0214740333 19.8293587523 32.1504985378 13.3214107021 18.3296919969 
19.756790607 26.8127509053 16.7558279183 15.4618361273 25.0031283183 29.1202981479 13.3143588874 15.9434819375 26.9591798642 12.9491274961 18.5828143232 31.3531677025 13.4247388808 18.1204328013 
20.4914284995 27.1057599455 16.5695235914 15.2561216315 24.9410903555 29.3894063648 13.0766756842 16.1808267161 27.9581378482 12.4819668365 18.3125343796 31.384021642 13.1418964163 17.419214065 
20.0279019577 27.4146402493 17.3589344198 14.7104452536 24.044024556 30.2601868492 13.3560529368 18.7092710754 29.5317166791 13.8222706903 18.3944483649 32.938666682 13.907946742 18.2648323166 
20.1638652371 25.3448438762 15.9816863189 14.7236085093 23.9725293976 28.6610066117 12.1796923717 16.7995756285 27.8747689758 13.1276080572 18.2972753784 30.6621021302 13.6738638887 18.4078049033 
20.8415879789 28.2858057258 17.2229245034 15.8577299856 24.1665196441 30.0845156405 13.5923399862 17.2705346154 28.6730726146 14.161858678 19.6031515109 33.0777970948 14.611326451 19.1153817431 
22.1501957336 27.4146402493 16.8307829375 13.2874602359 25.2461744482 29.1147359749 13.2874602138 17.2736983067 28.8745475618 11.7268057717 17.6389331518 31.4469891727 11.4987510457 17.2963969888 
22.1884785973 27.9911940518 17.2038093039 14.9470082905 25.8414314074 30.6389420003 14.0346865374 17.2097653932 29.8974445347 12.7490439954 18.6666113737 33.0494231365 12.7490440027 18.2108528069 
20.764783098 28.2904086613 17.2773438888 17.2264532797 25.2738032977 29.8926214328 12.8094139341 17.2490898902 29.092164664 14.7425924187 20.8351326989 31.3640893788 15.5163241361 19.7782768511 
20.429348934 27.1121641417 16.1732345728 16.1956196832 28.5159662204 29.4164939569 13.6262145119 19.1714213574 30.2274024184 14.1479796964 18.9050065213 31.498121895 14.2754415477 19.35947315 
19.5615273096 27.4067231208 16.9547100058 15.669484898 29.1469267526 30.6349757773 14.7825623431 20.4258859173 30.7825854265 13.9341217642 18.4893792361 31.7282883856 14.0152133603 18.8033818237 
21.2338997025 27.1073611364 17.3392116405 15.654490533 27.7374584351 28.9174524306 13.8670365404 19.1114432557 30.2876770745 13.5450609719 18.5125019216 31.2008322159 14.0352911636 19.2436361779 
20.6768198741 27.7012835643 15.8436731521 16.3723406757 29.5934213697 29.7402069498 13.6449963081 20.6955319172 31.617028389 14.1053037698 18.6906536307 31.247585983 15.048001196 20.7655519664 
19.5642415317 27.1057599455 15.2078292375 15.3559609408 30.452849023 29.6874851227 12.6031190318 20.2092847244 33.2484037921 13.5271983891 16.216360079 28.6659228581 15.0770201666 21.246790791 
20.477077042 27.4146402493 16.6430935027 17.0695626028 32.0210189853 29.0499423418 11.5183558361 16.6430934982 30.3730127469 15.2268980779 20.3522700076 29.4636072274 15.3814898388 19.4749155952 
21.116286396 27.1121641417 15.5250025226 17.2288253769 32.2939572964 28.7333558098 12.0640973111 20.2558610979 29.1083845205 16.9904276236 21.5809133399 28.4219442495 15.3689683864 21.045927895 
20.2584433645 26.81113212 16.3848374507 17.7195042012 33.1921634437 28.8307674818 13.3619520064 18.9849334303 29.8875587749 16.0410613712 20.2400933215 31.4681939481 15.6660541187 21.2913464531 
21.3690761183 27.4019717458 16.5719365815 16.1417252496 30.9756374528 29.481377175 12.654521027 18.7727275362 29.4813771729 14.1985043834 19.6004188292 28.7828372205 14.1246407721 19.8367222404 
20.6912783097 26.5181410652 16.3770416686 15.9460668724 30.1805456767 30.3799010827 12.4982686418 17.6752210024 29.7216407203 13.1852928893 18.536926218 30.5992094334 13.4709783713 18.4112506915 
20.4701233221 26.5165042945 15.7790533941 16.2055143437 29.428892495 30.4255273104 12.3673661737 18.7691252873 29.9920587853 14.3039335575 19.3981122403 30.7051849831 14.2338314347 18.9427385562 
19.4474408462 27.4019717458 16.9068236029 16.4841530128 30.8665309193 30.1551102975 13.5254588823 20.2881883235 29.7254943687 15.2396048514 20.0401138095 30.4322824852 14.889767654 20.0801896243 
20.2238144551 27.1073611364 16.7776659178 16.7831803521 30.9771397957 29.8824082098 14.1964865458 19.3636246616 30.3250435815 15.2097453115 20.4377327012 30.9741524636 14.6835104956 19.8497374158 
21.4760294725 27.4019717458 16.6640565935 17.9547890778 30.6576457901 29.8943702643 13.1449472132 18.4135523679 29.4418888187 16.7844590498 21.5651420107 30.6545179376 15.1194007563 21.0293622609 
19.1619102924 27.4778951563 16.6083469366 17.885102734 31.0801201319 29.1638167537 12.7785470879 14.0550480037 28.5737000479 16.1995654631 20.7598881317 29.8122196874 15.4200578056 20.1844647487 
20.2706265344 27.163343355 16.8220283929 17.6999071458 31.919884755 30.0290715511 78.6000889786 16.8385991029 29.3210790055 15.6184507683 20.8270809407 29.7553957619 15.6184507683 21.0755593789 
20.1754232998 27.6965827214 16.3029378144 18.8705528963 32.1657151641 28.9133818754 11.1507812569 14.2112774545 28.6192531378 15.920494653 21.8726863116 29.5955655864 17.3469688295 22.4413340434 
19.4495555382 25.6343140255 15.6499204079 17.3406289457 33.4024975547 29.5850667963 12.6915377263 20.2951883877 29.7357506008 18.2596003419 23.0967704979 30.0229435896 18.7236556963 23.450117068 
19.9773075554 25.9289226112 16.1538015195 17.4230697741 33.5712807843 29.8860057093 13.5984934748 19.1228814594 29.4722543972 17.9287833915 22.6185159406 28.896798634 17.9740518183 22.4260826731 
20.9214621401 26.5181410652 16.2169215584 17.06986783 32.4226183915 30.3405818403 12.3717885967 20.4818866021 30.8019601701 18.0442843696 22.3229308724 29.8659850753 18.5220976603 23.6645494643 
21.4407833202 28.762074759 17.8106362022 13.7507524255 24.2111275534 28.9675966938 14.6018016171 17.7931093418 29.8551963013 12.8028786773 17.2107387777 32.8411904546 13.5065464873 18.7494213682 
21.5032142504 28.2504916378 16.5814470457 13.0223841704 23.7473585069 28.8280165603 14.3354761669 17.9417305743 29.3249689228 11.4213864627 16.306850377 32.2548213756 11.9536943074 17.4483730271 
22.0730241843 29.0891827928 17.4805271518 13.8033024811 22.5328792616 29.0837633915 14.262909868 18.3941871523 29.4630150588 13.0066544642 17.7506287488 33.1127295575 12.7189519561 18.3135356455 
21.7158097289 28.0283834314 17.269632445 12.8491539743 24.3707067732 29.4027896521 14.1699548266 18.6191400221 28.1768458448 12.7802982321 18.5399878668 31.8946962961 11.5894752775 16.4735247462 
21.0180130343 28.6168413895 17.424709928 12.964538151 25.5295169195 29.1372578987 13.8504104556 18.3237349042 28.889569644 12.581649928 17.2462278096 32.1811036205 11.8293263036 16.8184476658 
21.7108269114 28.0454120827 17.2764485226 13.7397047451 25.2657326201 29.2504874983 13.2895757866 18.1624202727 28.8791448452 11.7286728643 17.7194344011 32.3410017548 11.2939677292 17.6417415489 
22.220422087 28.5925641072 17.2381298506 14.5749269036 25.9118139904 29.1815825019 13.6118959217 18.1447876741 29.8090652482 11.3731704327 16.9797085433 32.2001314747 12.4768273157 18.9432259786 
21.5679120449 28.8795390853 16.6351020774 14.8218853812 26.1352095123 29.4116953054 14.3731558342 18.8609062514 30.2661475747 11.3040697991 16.8098643312 31.4291440004 11.7841920715 17.7885286564 
19.3704705122 28.3088129191 16.7290427151 14.5345216234 25.097425508 28.6154677986 14.9745635386 19.3754725674 29.679353543 11.8945748462 16.6127866646 30.3796096295 12.0885209176 17.6095186456 
20.7505067779 27.6965827214 16.7618363942 14.2250784574 23.9213405043 29.1260268395 14.5563316055 17.202937352 29.1293667887 12.799530704 16.6453524507 32.212452606 12.421515751 17.8032193568 
22.101365088 28.584973228 17.639176771 13.0854494117 24.8065894377 29.6431758417 14.4375841924 18.0381746845 30.401817025 10.719062939 16.9753025023 32.4812385318 11.4172526565 16.9273156854 
21.6784553925 28.0454120827 16.8118633656 13.3899819676 22.6325827346 29.4531759016 14.1573586237 18.1391157452 29.5924038455 11.1397869314 15.8407692542 31.4147549077 11.6129315516 17.8344178575 
22.0901841737 28.2904086613 17.1370940533 15.3543788268 24.3442846041 29.5106428351 14.4262427257 16.6803431546 28.3873500134 12.8226420117 18.395448282 32.0114006795 12.4690674548 18.6641693148 
22.0581310775 28.584973228 17.0093516314 15.1927907903 24.8536633694 29.4431354589 14.2458763209 16.549979668 29.4431354575 13.1593489289 18.484884228 33.0871966162 12.6186574042 19.0253600772 
21.4007481515 28.0035959992 16.9422589532 14.2950039245 24.0923490896 28.6906466016 14.2741301237 16.9422590627 28.9355606744 12.2425925105 17.5700682491 31.6552733074 12.2425925114 18.1049799582 
20.9352223959 27.7091165303 16.4809197585 15.1708080978 25.3934319774 28.9083897694 14.2537684398 16.9263499966 28.9083897705 12.5986703829 17.6662381931 32.0709789895 12.7551816063 18.4410280833 
21.4656310661 28.0655235317 17.8880258884 14.8656383197 25.0472287773 28.403402634 14.3104207107 17.8880258804 28.1594403408 12.5535203798 17.492349204 30.8568446575 12.8058776868 19.0677462039 
18.6413746155 27.7513763422 16.0636690158 13.8997194974 23.4461972301 28.4971620375 13.4391305368 16.9072932656 28.6287589601 12.1463084916 16.5079627341 30.7829969414 13.1850064055 17.6895423608 
19.6198552426 26.8515724762 16.5695228321 15.7885773048 26.1678759011 30.2244432212 14.3843425934 16.5637885207 29.5280731879 13.5756910983 18.1666976827 31.8199093733 13.6245874941 18.4983476075 
20.7134652371 26.8370209681 15.9666294536 15.559054401 26.768809361 29.5622033479 13.8089768247 15.5410912766 28.864199183 13.5503333878 18.6708652716 31.5017283814 13.6257087694 18.6708652724 
21.3942048873 26.5230507714 16.2044486109 14.4119549814 26.1915317743 29.2992865944 12.2227148622 16.157342511 28.5982530629 12.711815302 18.6841086035 30.9933126863 13.2116598803 17.5589647466 
22.1340189987 28.2858057258 17.5432113068 14.3585532042 24.0441410298 29.6672594424 14.2992200498 18.9076611404 31.0807691793 12.0661883528 17.5250286969 32.7620072872 12.8592196037 18.3021841497 
19.8973498901 28.8735268985 17.1163475707 14.9829426394 25.08747109 29.3817270362 15.7285356055 18.527275297 31.1906258044 13.4155156635 17.172518051 34.2451956696 13.2469622581 19.07365107 
21.2616833945 28.2904086613 18.9833593403 14.3224479668 24.0167010311 29.7154514175 14.7767761616 18.4940445345 31.3802703746 13.4232621424 18.4536455656 33.2765947389 13.922321509 18.7516740226 
22.2031418647 28.2858057258 18.126902477 16.0170650029 25.4343729991 28.047705674 13.1378993436 18.1438778558 30.9158399843 13.5984787542 18.2622639056 32.1939022698 14.0658651202 20.2449619243 
18.8371747823 27.9958454259 17.0619118363 15.7953518071 25.6203468743 27.7595756023 13.4513126544 17.9854552254 30.4929387283 12.5545584772 17.4464210768 32.295602888 14.0149223029 19.6520153641 
20.7576110863 27.9958454259 17.2261633093 15.0710737601 24.7623328816 29.1591108128 14.5711951207 18.1251322993 31.1097928646 13.275945103 18.0226534345 33.1281251577 13.5088741903 18.8992237962 
21.8770556497 29.1741061941 18.1592680707 15.9351009396 25.6388653302 29.2172356969 13.033139536 19.1352598994 31.8871929925 13.066345022 18.3609779676 32.6127581368 13.7844933966 20.2090868579 
21.3855025962 28.8975681407 17.6682264107 15.4504158225 25.1675544117 28.7758686637 13.0224848466 18.6439124681 31.8408248701 13.5109966938 18.3342787229 32.5885449088 13.7644489654 19.5268139241 
20.0473393919 28.3088129191 16.3917705379 15.581873836 25.1365573546 28.8042875647 14.571954636 18.6833964937 31.0705424946 13.1993904436 17.1090918855 31.4581731495 13.2542086762 18.4153601808 
20.0752356693 28.5804177327 17.7989633653 15.1029212113 26.0794918019 29.4713391788 15.9589760298 16.9193780896 31.3565330823 13.2256136695 17.7522161526 32.3895919252 13.3428989716 18.5084527579 
20.9470623368 27.989643422 16.9320906501 15.2086249781 25.9395700119 29.2899831236 14.7041839856 17.4290093828 31.1429158533 13.4341109241 17.9619577682 33.4453241619 13.1955283769 19.3456205682 
21.1418425446 28.2842712475 18.0601089087 14.1189996842 25.11593803 28.5725116639 13.6511444768 18.1404598646 31.02581917 11.5840498658 17.1004697761 31.2686254163 11.525311097 17.8168822624 
20.700046626 27.9911940518 17.5558078266 16.2997298687 26.5653095397 28.7155655986 13.0500293947 17.1237063022 30.4541322454 12.6321303429 17.7508145382 32.4125705977 13.2425748254 19.2608844149 
22.1262036823 28.8735268985 17.5013923225 15.6862090422 26.7483609041 29.5083947383 15.6591404991 16.1788103271 31.0530111623 13.0266875699 18.266416882 34.5545011853 12.2893524748 18.6343111714 
23.2316968637 28.3088129191 17.7750974441 15.0482898736 26.4353605449 29.4318222152 15.0207289139 16.8660093223 31.3144883372 13.7760529782 19.0630269671 32.3461620111 14.1323890441 19.6990805707 
21.9744983313 29.1696427053 17.7871805402 15.0235647524 25.8150370135 29.3407319153 14.9579752598 19.2161413524 31.6341064243 12.6984587728 17.6391570511 32.7339234914 13.3853508318 19.2161413498 
19.8221835256 27.9958454259 17.1251706844 14.4644121737 24.7685318568 28.5837085467 13.9512243171 18.00720439 29.4595454206 12.1510663482 16.9169361031 32.4059686987 12.4474773775 18.208533424 
20.0985590458 28.584973228 17.3818711611 15.5575512472 26.5289716863 28.3795756913 15.0739192844 18.3227336158 30.4268476514 12.7899921219 17.9778583606 33.3578489206 13.974947016 19.916054408 
20.5717531146 27.6965827214 17.8728585559 15.7209116563 25.577584222 28.9556210561 15.6192393745 17.0107962822 31.8102025081 13.8413793806 18.1657398603 31.6973110548 13.5725891456 19.0278086729 
21.3141932228 28.5804177327 16.7640873718 15.8837895917 27.2001046626 30.071226531 13.6000525682 17.6760617562 30.6928498605 14.1112033791 18.8833087999 31.2660405723 13.5167782085 19.3928179863 
20.2984292312 28.584973228 17.5746229113 13.1380488192 19.4242501906 29.29103819 14.8708347711 16.679448703 29.4982886865 11.3017769317 16.5019701558 34.2598397768 10.5200949499 16.6184633101 
20.1363122533 28.8750300625 17.9492144129 14.82752265 21.0502924116 29.6314036019 13.8788972143 15.6871253741 29.1717101859 12.1148882751 17.8821561698 34.0344788627 13.4911623232 18.6226451971 
21.0035655735 28.3088129191 16.6134076387 15.3018229297 26.2316964508 28.2591662631 14.4274329494 17.4932617169 28.6187420256 13.2967650202 18.8044653862 32.3553792866 12.4351030448 17.5858913409 
23.0337531967 29.1681547239 17.9722326136 15.6697253426 24.420123993 30.1451907478 17.0449773656 17.0512015678 29.0261849489 14.3993201123 20.1910259624 35.9326549869 15.0901850582 20.1910259624 
21.238333686 28.5804177327 17.7041413572 15.0503249704 25.2205209846 28.7159627013 15.4926046226 17.7041411696 29.2161135775 12.9529774369 18.4142121941 32.7424310993 13.3914293632 18.4142121887 
21.0247149467 28.2904086613 17.0825808942 15.7928516234 25.4199633686 29.1600829342 14.0233189438 17.0881955471 30.1340240953 13.7539466818 18.9514219481 31.9870854718 13.691031221 18.9514219481 
19.9525929103 27.7012835643 16.5618485944 14.864378213 25.0504709718 28.2778389765 14.0092673625 14.8825535346 28.3954982684 12.3768741366 18.0159994146 31.440525758 12.9113715145 17.7793671532 
20.1530454566 27.6950155965 16.7189559935 16.3128116865 26.1642132627 28.6742807576 11.5825978462 16.2959042938 28.6069061293 13.8248749471 19.0418038024 29.1541521645 13.3995996791 18.9062042886 
19.9994947798 27.4067231208 17.3908650259 16.1100341868 25.2205020568 28.819817054 11.7468824597 14.7822352817 28.483348919 12.2971985984 18.2085761959 30.8718470411 12.2046211318 18.2085761962 
21.6700522563 28.584973228 18.0601003741 14.0212957652 22.1351278162 30.1906514044 13.5408444277 18.5278252687 30.8118270946 12.7664305571 17.7873078506 32.0498435899 12.7664305571 17.9752974308 
22.9274160918 27.9911940518 16.8711175015 12.5749885797 23.3600089414 29.3972163529 13.4103754499 18.1894838338 28.7112566101 10.605141824 17.1407203794 30.7140857079 11.0882224331 16.8489186913 
21.6837087762 28.584973228 17.700986756 12.8408428896 24.3549433223 30.0721480386 11.9563581533 19.4761135061 29.5995750592 10.3308424328 16.3195034496 31.8617761609 10.4157936864 16.61089308 
19.9413709023 28.584973228 17.7256630243 15.9776968481 24.3727868367 29.9899152685 12.407964117 16.8393799962 29.2641249928 12.8816310209 18.3194964126 32.3493350193 12.9196861436 18.5591163439 
20.1116510316 28.578899073 17.4358264343 15.6997519506 23.6870556594 29.5140123237 12.9608417759 17.0066781139 29.9973305397 12.9916276667 17.8602555665 32.1786416505 13.5264224758 18.5998377067 
20.7459490235 27.9911940518 16.7733204871 15.4743134897 23.8521139326 29.626670459 12.8006919506 16.7791274543 29.5245603345 13.3592841163 18.4863105159 31.7840934432 13.424753366 18.7323518067 
21.5572564596 28.584973228 17.1634557468 15.4231594595 25.0806673343 28.8222090772 13.2056506458 16.7698900217 29.6595359224 13.4596985007 18.7944162872 30.7992229534 13.751329523 19.5366844946 
20.9411222728 28.578899073 17.0038418908 15.2460511087 27.010316172 28.7511606181 13.9403625567 16.9871085669 28.3025452135 13.1783146605 18.8393128603 30.9273508748 12.8135976294 17.767210802 
20.8853183018 28.584973228 16.8880258554 16.0490827939 26.6597776123 28.2171345201 12.4395019637 16.0183079184 29.3351427755 12.6362794717 17.9914798051 32.4346014794 13.4459873548 19.1086860807 
20.2279340143 27.4067231208 17.0872800779 16.188589198 30.5798738594 30.836492684 13.9347989876 18.002847244 31.0682388368 15.447704859 20.7408640678 31.9151847782 15.7585028987 20.5204968469 
20.1613070933 27.4019717458 17.2173804701 16.0072241729 26.8890307789 24.0978937533 12.1781471618 14.284001903 23.8218913643 13.0450838984 18.0767740482 31.4952081771 13.6010038642 19.3353104865 
20.7823175589 27.4019717458 16.4263126166 16.8582886842 32.0032788954 24.6347319319 11.2351663811 15.9943444214 24.9023652113 15.7057098184 21.0723070277 30.6806466559 17.4193860017 22.6235460566 